1	0.000000	1.911285	0.000000	0.102470	0.138415	0.120996	0.124221	0.124267	0.154605	0.020087	0.042665	0.007962	0.008563	0.004945	0.010824	0.061279	0.087258	0.054937	0.068093	0.061765	0.076724	0.050064	0.068750	0.046465	0.042394	0.045080	0.060862	0.082383	0.095750	0.113034	0.115658	0.119322	0.143780	0.966759	1.029287	0.735880	2.571840	1.618912	1.128462	7.122472	11.040779	7.069320	6.135270	6.328207	8.630333	
1	0.000000	3.715880	0.000000	0.193910	0.191019	0.195993	0.202334	0.222652	0.226680	0.034774	0.018705	0.016287	0.017861	0.029219	0.010925	0.108887	0.107396	0.101861	0.110098	0.109607	0.109813	0.076838	0.074671	0.076636	0.080495	0.092036	0.081968	0.159136	0.172314	0.179707	0.184473	0.193433	0.215756	1.597332	1.877261	1.451758	1.598351	0.778716	1.476758	12.319420	10.703400	10.668828	11.371750	13.854205	11.577352	
1	0.000000	4.338155	0.000000	0.216553	0.207027	0.220945	0.222482	0.246154	0.262106	0.038512	0.022851	0.023216	0.006261	0.009379	0.009419	0.120114	0.117647	0.117372	0.096119	0.119651	0.135763	0.093747	0.086715	0.088657	0.067463	0.077243	0.087857	0.178042	0.184176	0.197729	0.216221	0.236775	0.252687	1.224398	1.530677	1.430845	1.725685	2.102724	2.372136	13.222148	12.407802	12.322299	10.195824	12.383351	12.399753	
1	0.000000	8.517565	0.000000	0.342694	0.352233	0.333460	0.330885	0.365993	0.378610	0.042370	0.036868	0.018069	0.013781	0.016287	0.015798	0.196949	0.167929	0.164955	0.159121	0.182814	0.197204	0.130554	0.123311	0.101507	0.111417	0.127225	0.124178	0.300324	0.315364	0.315391	0.317104	0.349707	0.362812	2.190363	1.480026	2.401902	1.866878	1.936304	2.566397	18.611636	18.510150	16.219135	15.689305	17.627049	17.471122	
1	0.000000	9.430517	0.000000	0.359989	0.383811	0.370335	0.365946	0.368748	0.370318	0.030836	0.045958	0.013227	0.007667	0.006674	0.007793	0.195413	0.206840	0.197032	0.171878	0.175301	0.158453	0.131541	0.144756	0.121883	0.116816	0.095846	0.113482	0.329153	0.337853	0.357108	0.358279	0.362074	0.362524	2.119962	1.902343	2.654201	2.056073	3.183601	1.619793	18.499088	20.038264	17.384518	16.443152	15.324132	17.046866	
1	0.000000	7.739330	0.000000	0.311075	0.317915	0.337557	0.327769	0.343811	0.352036	0.019544	0.024479	0.037736	0.027784	0.025022	0.022313	0.153162	0.175513	0.177370	0.152453	0.176826	0.187174	0.108472	0.117547	0.106360	0.113482	0.127225	0.118779	0.291531	0.293436	0.299821	0.299985	0.318789	0.329723	1.796025	2.122176	2.566781	1.403684	1.727750	2.512044	15.278114	16.770958	16.986276	17.046866	17.627049	16.717278	
1	0.000000	8.500582	0.000000	0.379292	0.335109	0.364560	0.351703	0.350000	0.353094	0.068344	0.022382	0.051097	0.023403	0.017027	0.012758	0.197569	0.183345	0.197085	0.173874	0.175586	0.182926	0.142522	0.118992	0.137904	0.120252	0.123218	0.121233	0.310949	0.312728	0.313463	0.328300	0.332973	0.340337	1.581588	2.327614	1.653732	1.945519	1.882979	2.220370	21.370185	16.975478	21.972619	16.922872	17.075912	17.059934	
1	0.000000	0.871602	0.000000	0.047492	0.055884	0.083411	0.084472	0.072204	0.077051	0.014628	0.017915	0.031907	0.023514	0.005076	0.007116	0.030278	0.033694	0.058416	0.051904	0.038640	0.039169	0.033559	0.034402	0.052511	0.054191	0.031413	0.030431	0.032863	0.037968	0.051504	0.060958	0.067128	0.069935	-0.424811	-0.082390	0.479187	-0.160704	0.982284	1.224817	4.743290	5.272968	7.567158	8.739119	4.517639	4.380519	
1	0.000000	7.551477	0.000000	0.318540	0.353730	0.333923	0.353568	0.367655	0.393594	0.033526	0.041067	0.003948	0.016036	0.023986	0.017942	0.151973	0.186682	0.173788	0.170738	0.187638	0.205768	0.110801	0.110809	0.102613	0.123197	0.138245	0.129087	0.285013	0.312663	0.329974	0.337532	0.343669	0.375651	1.518519	2.633565	2.981512	1.684001	1.584275	2.593159	16.647786	17.689485	14.657569	17.334059	19.142672	18.156433	
1	0.000000	8.973091	0.000000	0.365482	0.358780	0.361618	0.394090	0.396407	0.395277	0.066848	0.009221	0.009881	0.025861	0.021756	0.001866	0.190956	0.169435	0.185749	0.215391	0.196241	0.189204	0.139395	0.119270	0.123688	0.130072	0.116066	0.122717	0.298635	0.349559	0.351737	0.368229	0.374651	0.393411	1.514426	1.834973	2.189667	2.825015	2.657985	2.400364	20.904599	16.785809	17.402590	18.543463	18.520547	17.007020	
1	0.000000	7.229567	0.000000	0.308360	0.293453	0.303490	0.294226	0.307811	0.359419	0.057003	0.028961	0.028230	0.015134	0.014898	0.015391	0.161463	0.154909	0.169908	0.143051	0.151315	0.187405	0.121077	0.113701	0.107430	0.103073	0.090184	0.123197	0.251357	0.264492	0.275260	0.279092	0.292913	0.344028	1.364176	1.604729	2.500857	1.690038	2.601296	2.274361	18.177586	15.766958	15.339310	14.524263	14.429122	17.334059	
